R_mean: 127.95784873188703
G_mean 124.4708472915262
B_mean 124.83126461752451
R_mean_norm: 0.5017954852230864
G_mean_norm 0.48812096977069097
B_mean_norm 0.48953437104911574
R_std: 65.00069974416591
G_std: 61.3674861092243
B_std: 62.80787257882647
R_std_norm: 0.254904704879082
G_std_norm: 0.24065680827146785
B_std_norm: 0.2463053826620646
